genes	state
476	8.031746032
2597	7.714285714
2023	4.698412698
533	3.26984127
517	2.936507937
1327	2.888888889
2877	2.523809524
481	2.063492063
4725	2.047619048
1340	1.984126984
3418	1.920634921
51523	1.841269841
514	1.825396825
4726	1.761904762
8714	1.73015873
8992	1.73015873
226	1.698412698
2879	1.666666667
1718	1.650793651
2987	1.587301587
4245	1.587301587
1351	1.428571429
10555	1.365079365
51079	1.333333333
290	1.317460317
79586	1.317460317
4144	1.301587302
4705	1.285714286
445	1.26984127
1892	1.26984127
118881	1.222222222
8733	1.19047619
126328	1.19047619
521	1.174603175
645	1.158730159
5832	1.142857143
5476	1.126984127
2876	1.126984127
3615	1.126984127
4716	1.111111111
498	1.079365079
3030	1.015873016
4696	1.015873016
353	1
506	1
2109	0.984126984
4669	0.968253968
1650	0.952380952
2548	0.952380952
516	0.936507937
2678	0.904761905
2628	0.888888889
2752	0.873015873
2821	0.857142857
4832	0.857142857
513	0.841269841
10632	0.841269841
526	0.841269841
124583	0.841269841
2356	0.841269841
4357	0.841269841
9114	0.825396825
2878	0.825396825
3073	0.777777778
4695	0.777777778
4715	0.761904762
4728	0.761904762
1337	0.746031746
55268	0.73015873
10768	0.714285714
9296	0.714285714
3632	0.714285714
84532	0.698412698
1329	0.698412698
3420	0.698412698
1347	0.682539683
1350	0.682539683
1152	0.666666667
9551	0.650793651
8704	0.650793651
9245	0.650793651
84706	0.650793651
2944	0.650793651
587	0.634920635
2937	0.634920635
216	0.619047619
2683	0.619047619
2687	0.619047619
11253	0.619047619
51	0.603174603
535	0.603174603
529	0.603174603
8703	0.587301587
4191	0.571428571
4259	0.571428571
483	0.555555556
2990	0.555555556
51529	0.53968254
4723	0.53968254
10327	0.523809524
1645	0.523809524
518	0.523809524
1537	0.523809524
51447	0.523809524
204	0.507936508
427	0.507936508
955	0.507936508
2224	0.507936508
9957	0.507936508
4123	0.507936508
7841	0.507936508
4833	0.507936508
278	0.492063492
1345	0.492063492
1891	0.492063492
92579	0.492063492
2582	0.492063492
2720	0.492063492
3636	0.492063492
3945	0.492063492
4713	0.492063492
1349	0.476190476
3162	0.476190476
3423	0.476190476
3939	0.476190476
8574	0.46031746
277	0.46031746
2799	0.46031746
4694	0.46031746
4830	0.46031746
224	0.444444444
410	0.444444444
435	0.444444444
1384	0.444444444
8818	0.444444444
2519	0.444444444
4714	0.444444444
4720	0.444444444
522	0.428571429
84444	0.428571429
2222	0.428571429
2517	0.428571429
4697	0.428571429
26229	0.412698413
1431	0.412698413
2806	0.412698413
11282	0.412698413
30833	0.412698413
10423	0.396825397
8694	0.396825397
29926	0.396825397
3613	0.396825397
3712	0.396825397
4707	0.396825397
4729	0.396825397
4731	0.396825397
47	0.380952381
10554	0.380952381
4122	0.380952381
11343	0.380952381
29922	0.380952381
35	0.365079365
191	0.365079365
279	0.365079365
4121	0.365079365
11041	0.349206349
10682	0.349206349
10919	0.349206349
23464	0.349206349
80270	0.349206349
4524	0.349206349
55577	0.349206349
30	0.333333333
56894	0.333333333
509	0.333333333
11285	0.333333333
54480	0.333333333
54344	0.333333333
2805	0.333333333
3145	0.333333333
4702	0.333333333
53	0.317460317
276	0.317460317
280	0.317460317
515	0.317460317
10331	0.317460317
79901	0.317460317
1632	0.317460317
51477	0.317460317
4048	0.317460317
4258	0.317460317
22978	0.317460317
38	0.301587302
55349	0.301587302
10229	0.301587302
1374	0.301587302
1716	0.301587302
2132	0.301587302
2203	0.301587302
8443	0.301587302
9394	0.301587302
3704	0.301587302
55902	0.285714286
1854	0.285714286
29925	0.285714286
9563	0.285714286
11320	0.285714286
4249	0.285714286
4708	0.285714286
50808	0.26984127
231	0.26984127
80347	0.26984127
1717	0.26984127
2525	0.26984127
2762	0.26984127
9380	0.26984127
3032	0.26984127
3098	0.26984127
54187	0.26984127
374291	0.26984127
52	0.253968254
10840	0.253968254
10195	0.253968254
126792	0.253968254
2588	0.253968254
55568	0.253968254
9807	0.253968254
26002	0.253968254
240	0.238095238
10476	0.238095238
1346	0.238095238
1606	0.238095238
10007	0.238095238
3157	0.238095238
3163	0.238095238
3340	0.238095238
4704	0.238095238
32	0.222222222
10005	0.222222222
1609	0.222222222
1809	0.222222222
50506	0.222222222
79813	0.222222222
197258	0.222222222
2629	0.222222222
2744	0.222222222
4706	0.222222222
271	0.206349206
790	0.206349206
9167	0.206349206
8525	0.206349206
2137	0.206349206
2590	0.206349206
3074	0.206349206
3291	0.206349206
3028	0.206349206
7923	0.206349206
3425	0.206349206
3628	0.206349206
3635	0.206349206
4719	0.206349206
4758	0.206349206
50	0.19047619
10965	0.19047619
221	0.19047619
8760	0.19047619
1119	0.19047619
1635	0.19047619
8526	0.19047619
1743	0.19047619
64772	0.19047619
9415	0.19047619
2739	0.19047619
2997	0.19047619
80201	0.19047619
4190	0.19047619
4351	0.19047619
4718	0.19047619
4722	0.19047619
53947	0.174603175
125	0.174603175
128	0.174603175
219	0.174603175
768	0.174603175
56994	0.174603175
54675	0.174603175
57171	0.174603175
2348	0.174603175
2539	0.174603175
2589	0.174603175
2618	0.174603175
2954	0.174603175
3037	0.174603175
3155	0.174603175
3417	0.174603175
3419	0.174603175
4056	0.174603175
4128	0.174603175
51703	0.158730159
220	0.158730159
29880	0.158730159
51005	0.158730159
9334	0.158730159
875	0.158730159
51181	0.158730159
1798	0.158730159
954	0.158730159
55224	0.158730159
2184	0.158730159
80308	0.158730159
51809	0.158730159
2673	0.158730159
10870	0.158730159
3421	0.158730159
80271	0.158730159
3931	0.158730159
166785	0.158730159
4712	0.158730159
65985	0.142857143
10057	0.142857143
28976	0.142857143
2180	0.142857143
109	0.142857143
158	0.142857143
85365	0.142857143
586	0.142857143
10380	0.142857143
1120	0.142857143
9377	0.142857143
1571	0.142857143
1603	0.142857143
1841	0.142857143
9583	0.142857143
2639	0.142857143
23498	0.142857143
3033	0.142857143
84264	0.142857143
9653	0.142857143
6307	0.142857143
8897	0.142857143
4698	0.142857143
4701	0.142857143
4709	0.142857143
211	0.126984127
471	0.126984127
51382	0.126984127
9550	0.126984127
93010	0.126984127
847	0.126984127
873	0.126984127
9469	0.126984127
51727	0.126984127
1371	0.126984127
1738	0.126984127
55500	0.126984127
2194	0.126984127
2591	0.126984127
64841	0.126984127
3707	0.126984127
10905	0.126984127
4124	0.126984127
27349	0.126984127
56922	0.126984127
10797	0.126984127
55191	0.126984127
4700	0.126984127
4724	0.126984127
4905	0.126984127
48	0.111111111
159	0.111111111
223	0.111111111
229	0.111111111
262	0.111111111
80150	0.111111111
528	0.111111111
644	0.111111111
762	0.111111111
64781	0.111111111
50515	0.111111111
1593	0.111111111
8527	0.111111111
953	0.111111111
2581	0.111111111
11226	0.111111111
26035	0.111111111
8833	0.111111111
2936	0.111111111
3029	0.111111111
51528	0.111111111
2531	0.111111111
4597	0.111111111
196883	0.095238095
111	0.095238095
112	0.095238095
178	0.095238095
217	0.095238095
501	0.095238095
272	0.095238095
411	0.095238095
1040	0.095238095
9023	0.095238095
10164	0.095238095
1545	0.095238095
1577	0.095238095
1788	0.095238095
1808	0.095238095
2098	0.095238095
3992	0.095238095
3081	0.095238095
3658	0.095238095
4522	0.095238095
4548	0.095238095
4668	0.095238095
4710	0.095238095
4711	0.095238095
54981	0.095238095
4907	0.095238095
43	0.079365079
2181	0.079365079
130	0.079365079
210	0.079365079
8659	0.079365079
79087	0.079365079
79053	0.079365079
247	0.079365079
8639	0.079365079
490	0.079365079
493	0.079365079
523	0.079365079
55501	0.079365079
166012	0.079365079
22856	0.079365079
55907	0.079365079
1376	0.079365079
56474	0.079365079
1629	0.079365079
1723	0.079365079
2131	0.079365079
2523	0.079365079
2584	0.079365079
2729	0.079365079
2746	0.079365079
2766	0.079365079
26275	0.079365079
3156	0.079365079
3614	0.079365079
3633	0.079365079
58508	0.079365079
4047	0.079365079
57134	0.079365079
4126	0.079365079
4200	0.079365079
10873	0.079365079
65220	0.079365079
55967	0.079365079
4881	0.079365079
18	0.063492063
100	0.063492063
115	0.063492063
56895	0.063492063
203	0.063492063
8854	0.063492063
4329	0.063492063
23600	0.063492063
23545	0.063492063
669	0.063492063
23632	0.063492063
113189	0.063492063
2026	0.063492063
2027	0.063492063
2135	0.063492063
2271	0.063492063
79695	0.063492063
2592	0.063492063
2643	0.063492063
9945	0.063492063
27165	0.063492063
10020	0.063492063
2982	0.063492063
3141	0.063492063
64802	0.063492063
23530	0.063492063
50814	0.063492063
51166	0.047619048
4363	0.047619048
31	0.047619048
34	0.047619048
8310	0.047619048
2182	0.047619048
91703	0.047619048
132	0.047619048
55326	0.047619048
23382	0.047619048
7915	0.047619048
366	0.047619048
245973	0.047619048
51606	0.047619048
135152	0.047619048
686	0.047619048
771	0.047619048
760	0.047619048
8824	0.047619048
9435	0.047619048
84701	0.047619048
126129	0.047619048
1503	0.047619048
8528	0.047619048
8560	0.047619048
8813	0.047619048
2108	0.047619048
2530	0.047619048
9453	0.047619048
2710	0.047619048
2717	0.047619048
2875	0.047619048
3067	0.047619048
3295	0.047619048
3631	0.047619048
56623	0.047619048
3795	0.047619048
8942	0.047619048
9388	0.047619048
64087	0.047619048
25902	0.047619048
4717	0.047619048
4882	0.047619048
51251	0.047619048
80724	0.031746032
27034	0.031746032
36	0.031746032
126	0.031746032
137872	0.031746032
175	0.031746032
230	0.031746032
56052	0.031746032
29929	0.031746032
8705	0.031746032
374907	0.031746032
2583	0.031746032
622	0.031746032
10390	0.031746032
56548	0.031746032
1159	0.031746032
10087	0.031746032
27235	0.031746032
51805	0.031746032
51004	0.031746032
51380	0.031746032
55790	0.031746032
51302	0.031746032
160851	0.031746032
5167	0.031746032
2134	0.031746032
2585	0.031746032
11227	0.031746032
2730	0.031746032
2651	0.031746032
8836	0.031746032
2745	0.031746032
51292	0.031746032
2819	0.031746032
51527	0.031746032
2977	0.031746032
8908	0.031746032
3038	0.031746032
3099	0.031746032
3101	0.031746032
3251	0.031746032
90161	0.031746032
3290	0.031746032
51478	0.031746032
3422	0.031746032
3706	0.031746032
54682	0.031746032
4129	0.031746032
27430	0.031746032
84693	0.031746032
4247	0.031746032
4594	0.031746032
4598	0.031746032
10201	0.031746032
349565	0.031746032
19	0.015873016
39	0.015873016
97	0.015873016
98	0.015873016
122622	0.015873016
8540	0.015873016
205	0.015873016
84920	0.015873016
242	0.015873016
57194	0.015873016
525	0.015873016
113451	0.015873016
8706	0.015873016
10317	0.015873016
27087	0.015873016
10678	0.015873016
594	0.015873016
377677	0.015873016
763	0.015873016
978	0.015873016
1036	0.015873016
8534	0.015873016
1160	0.015873016
171425	0.015873016
1339	0.015873016
1375	0.015873016
55454	0.015873016
1491	0.015873016
1586	0.015873016
1589	0.015873016
1594	0.015873016
1558	0.015873016
1565	0.015873016
9420	0.015873016
84649	0.015873016
1607	0.015873016
1719	0.015873016
1786	0.015873016
1806	0.015873016
53905	0.015873016
956	0.015873016
957	0.015873016
2110	0.015873016
2235	0.015873016
8790	0.015873016
2571	0.015873016
9514	0.015873016
63917	0.015873016
79623	0.015873016
50614	0.015873016
2595	0.015873016
2632	0.015873016
26301	0.015873016
51301	0.015873016
2653	0.015873016
9615	0.015873016
51022	0.015873016
132789	0.015873016
11112	0.015873016
9953	0.015873016
3292	0.015873016
3293	0.015873016
3612	0.015873016
8821	0.015873016
197257	0.015873016
4143	0.015873016
130752	0.015873016
4199	0.015873016
23417	0.015873016
162417	0.015873016
8509	0.015873016
10157	0
5244	0
10257	0
28	0
116285	0
95	0
107	0
108	0
113	0
57379	0
218	0
249	0
26	0
314	0
316	0
384	0
440	0
443	0
477	0
482	0
245972	0
90423	0
10396	0
549	0
79369	0
84002	0
570	0
53630	0
23743	0
56913	0
759	0
761	0
11238	0
952	0
1118	0
84735	0
1373	0
54677	0
1576	0
66002	0
8529	0
11283	0
1633	0
1638	0
1644	0
1608	0
9162	0
1737	0
29958	0
1789	0
1807	0
1962	0
5168	0
5169	0
10841	0
117248	0
2650	0
2731	0
57678	0
2820	0
2983	0
3000	0
2992	0
3242	0
27306	0
91734	0
3620	0
27124	0
253430	0
3990	0
9227	0
4125	0
4248	0
55586	0
4507	0
10588	0
4842	0
4846	0
56953	0
